0 [0.4984495]
1 [0.49738106]
2 [0.4980475]
3 [0.49786377]
4 [0.49784118]
5 [0.49800953]
6 [0.497147]
7 [0.4979387]
8 [0.4984146]
9 [0.49790347]
10 [0.4978615]
11 [0.49758098]
12 [0.49780974]
13 [0.4975158]
14 [0.498159]
15 [0.4984143]
16 [0.49693167]
17 [0.49783763]
18 [0.49818516]
19 [0.49765122]
20 [0.49723995]
21 [0.49871135]
22 [0.49801427]
23 [0.4981923]
24 [0.49822947]
25 [0.4991579]
26 [0.49843243]
27 [0.4984739]
28 [0.4985129]
29 [0.49848968]
30 [0.49789172]
31 [0.49805152]
32 [0.49784988]
33 [0.49827442]
34 [0.49748832]
35 [0.49706027]
36 [0.4973433]
37 [0.4981702]
38 [0.49753565]
39 [0.49785423]
40 [0.49720877]
41 [0.49844584]
42 [0.49771687]
43 [0.4974024]
44 [0.49719486]
45 [0.49723276]
46 [0.49745575]
47 [0.49744052]
48 [0.49816498]
49 [0.4980675]
50 [0.4982081]
51 [0.49831957]
52 [0.49817315]
53 [0.49754506]
54 [0.49844778]
55 [0.4979325]
56 [0.49819255]
57 [0.49818227]
58 [0.4979102]
59 [0.49772918]
60 [0.498282]
61 [0.4979147]
62 [0.4987481]
63 [0.49863333]
64 [0.49784672]
65 [0.49732763]
66 [0.4990503]
67 [0.49804053]
68 [0.49731028]
69 [0.49763557]
70 [0.4976298]
71 [0.49957895]
72 [0.49808168]
73 [0.49867326]
74 [0.49833113]
75 [0.49886602]
76 [0.49678674]
77 [0.49784556]
78 [0.49901596]
79 [0.49870908]
80 [0.49904755]
81 [0.49897143]
82 [0.49827534]
83 [0.49835736]
84 [0.498114]
85 [0.49850732]
86 [0.49876186]
87 [0.49873555]
88 [0.4976479]
89 [0.49882072]
90 [0.4978158]
91 [0.49740666]
92 [0.49679852]
93 [0.4981967]
94 [0.49727926]
95 [0.49776486]
96 [0.49757767]
97 [0.49747828]
98 [0.498463]
99 [0.49646676]
100 [0.49790618]
101 [0.49824083]
102 [0.496791]
103 [0.49793887]
104 [0.4973393]
105 [0.49832088]
106 [0.49726018]
107 [0.49778128]
108 [0.49755666]
109 [0.4990314]
110 [0.4977619]
111 [0.4984809]
112 [0.49838382]
113 [0.4984348]
114 [0.4981465]
115 [0.49685284]
116 [0.49722517]
117 [0.4972435]
118 [0.49711365]
119 [0.4976884]
120 [0.4971655]
121 [0.49693185]
122 [0.49722433]
123 [0.49730238]
124 [0.4975537]
125 [0.49821872]
126 [0.49901393]
127 [0.49767473]
128 [0.49741083]
129 [0.4971553]
130 [0.49793917]
131 [0.49838898]
132 [0.49759075]
133 [0.49843723]
134 [0.49823716]
135 [0.49748442]
136 [0.49757588]
137 [0.49772468]
138 [0.4973584]
139 [0.49780396]
140 [0.4975714]
141 [0.49737835]
142 [0.4975878]
143 [0.4977984]
144 [0.49784917]
145 [0.49761108]
146 [0.4986038]
147 [0.49749622]
148 [0.49785164]
149 [0.49727455]
150 [0.4986584]
151 [0.49797702]
152 [0.49874657]
153 [0.49815178]
154 [0.49866235]
155 [0.49815917]
156 [0.49773863]
157 [0.49782488]
158 [0.49828583]
159 [0.49872473]
160 [0.4983127]
161 [0.49829623]
162 [0.4979465]
163 [0.4978191]
164 [0.49796283]
165 [0.49759808]
166 [0.49802282]
167 [0.49739993]
168 [0.4982407]
169 [0.49790856]
170 [0.49750778]
171 [0.49804902]
172 [0.49797794]
173 [0.49864]
174 [0.49920002]
175 [0.49783432]
176 [0.49759442]
177 [0.49748218]
178 [0.49776962]
179 [0.49878904]
180 [0.49764898]
181 [0.49806973]
182 [0.49827695]
183 [0.49823385]
184 [0.49856457]
185 [0.49724096]
186 [0.49753332]
187 [0.4978375]
188 [0.49738353]
189 [0.49765953]
190 [0.4973554]
191 [0.49709982]
192 [0.49718025]
193 [0.49789143]
194 [0.49799132]
195 [0.49756414]
196 [0.49768215]
197 [0.4977924]
198 [0.49830708]
199 [0.4980741]
200 [0.49723306]
201 [0.49795118]
202 [0.49759454]
203 [0.49881482]
204 [0.49749207]
205 [0.49820647]
206 [0.4977325]
207 [0.49764225]
208 [0.49896064]
209 [0.49752632]
210 [0.49714464]
211 [0.4979641]
212 [0.4979198]
213 [0.49766976]
214 [0.4978282]
215 [0.4980475]
216 [0.49829268]
217 [0.4984164]
218 [0.49742708]
219 [0.49720287]
220 [0.49887368]
221 [0.4977017]
222 [0.49726254]
223 [0.49776614]
224 [0.49734414]
225 [0.49736217]
226 [0.49777555]
227 [0.49756774]
228 [0.4978108]
229 [0.49705297]
230 [0.4965314]
231 [0.49793917]
232 [0.49773455]
233 [0.49775374]
234 [0.49828038]
235 [0.4979293]
236 [0.49737927]
237 [0.4969172]
238 [0.49771264]
239 [0.49690294]
240 [0.49748665]
241 [0.49752325]
242 [0.4975838]
243 [0.49776793]
244 [0.4975027]
245 [0.49756244]
246 [0.49846426]
247 [0.49717247]
248 [0.49777135]
249 [0.4977666]
250 [0.4971318]
251 [0.4969793]
252 [0.4974077]
253 [0.49742222]
254 [0.49757814]
255 [0.49780172]
256 [0.49791235]
257 [0.49707264]
258 [0.49753132]
259 [0.4982135]
260 [0.49771363]
261 [0.49726748]
262 [0.49721196]
263 [0.49681643]
264 [0.4972643]
265 [0.49791282]
266 [0.49743956]
267 [0.4972248]
268 [0.49730685]
269 [0.4982869]
270 [0.4971344]
271 [0.49728552]
272 [0.49750754]
273 [0.4975583]
274 [0.4980246]
275 [0.49766397]
276 [0.49786055]
277 [0.4975177]
278 [0.4978027]
279 [0.49751717]
280 [0.49749362]
281 [0.4971746]
282 [0.49711218]
283 [0.49691588]
284 [0.49852178]
285 [0.4980374]
286 [0.4988407]
287 [0.4983962]
288 [0.49860132]
289 [0.49732444]
290 [0.49826488]
291 [0.4987729]
292 [0.49814546]
293 [0.49825636]
294 [0.49864528]
295 [0.4982686]
296 [0.49756444]
297 [0.49828517]
298 [0.49839815]
299 [0.49805254]
300 [0.49815002]
301 [0.4987353]
302 [0.49748996]
303 [0.49770093]
304 [0.49786636]
305 [0.49811947]
306 [0.49846122]
307 [0.49871358]
308 [0.49827406]
309 [0.4986304]
310 [0.49825]
311 [0.4973222]
312 [0.49814042]
313 [0.49808902]
314 [0.4976152]
315 [0.49842474]
316 [0.4976733]
317 [0.4986983]
318 [0.4981838]
319 [0.49789992]
320 [0.49889344]
321 [0.49813065]
322 [0.49873173]
323 [0.49811652]
324 [0.49791482]
325 [0.49838814]
326 [0.49774253]
327 [0.49747756]
328 [0.49753988]
329 [0.4971954]
330 [0.49772337]
331 [0.49811184]
332 [0.4981109]
333 [0.49794555]
334 [0.49784285]
335 [0.4982114]
336 [0.49690905]
337 [0.49827066]
338 [0.49849927]
339 [0.49844536]
340 [0.49886498]
341 [0.4975308]
342 [0.49764952]
343 [0.49749374]
344 [0.4973847]
345 [0.4981462]
346 [0.49786067]
347 [0.4979519]
348 [0.49718425]
349 [0.4983217]
350 [0.49694785]
351 [0.4979956]
352 [0.4983861]
353 [0.49799794]
354 [0.4977394]
355 [0.49784496]
356 [0.49717322]
357 [0.49720517]
358 [0.49718672]
359 [0.4984173]
360 [0.4984699]
361 [0.49755535]
362 [0.49775174]
363 [0.49760014]
364 [0.49754795]
365 [0.49764955]
366 [0.49808493]
367 [0.49774832]
368 [0.4997883]
369 [0.49760717]
370 [0.49867314]
371 [0.49833176]
372 [0.49815077]
373 [0.49836266]
374 [0.49836457]
375 [0.49816343]
376 [0.49796578]
377 [0.49719673]
378 [0.497638]
379 [0.49739987]
380 [0.49753314]
381 [0.49816]
382 [0.49799663]
383 [0.49790612]
384 [0.49822327]
385 [0.4973854]
386 [0.49712768]
387 [0.49758863]
388 [0.4979581]
389 [0.4980985]
390 [0.49878275]
391 [0.4978332]
392 [0.4979096]
393 [0.49851936]
394 [0.4977183]
395 [0.49822628]
396 [0.4982022]
397 [0.4978803]
398 [0.4985274]
399 [0.49845105]
400 [0.4973854]
401 [0.49823686]
402 [0.4979393]
403 [0.49784556]
404 [0.4978991]
405 [0.49833602]
406 [0.49740973]
407 [0.49758852]
408 [0.49865234]
409 [0.49771428]
410 [0.49821457]
411 [0.49769408]
412 [0.49783126]
413 [0.49746472]
414 [0.49786246]
415 [0.49790123]
416 [0.49780834]
417 [0.49866426]
418 [0.49806926]
419 [0.49790335]
420 [0.49795437]
421 [0.4980663]
422 [0.49834883]
423 [0.4981504]
424 [0.4978524]
425 [0.49814072]
426 [0.4977632]
427 [0.4982634]
428 [0.49766037]
429 [0.49786648]
430 [0.49706817]
431 [0.4978819]
432 [0.49780276]
433 [0.49789792]
434 [0.4979094]
435 [0.49845988]
436 [0.49861553]
437 [0.498375]
438 [0.4980171]
439 [0.49820516]
440 [0.4979549]
441 [0.49725226]
442 [0.49758863]
443 [0.49857524]
444 [0.4979069]
445 [0.49789095]
446 [0.49881732]
447 [0.49868476]
448 [0.49752536]
449 [0.49728116]
450 [0.49801123]
451 [0.49726358]
452 [0.4975708]
453 [0.49702182]
454 [0.4980838]
455 [0.49815375]
456 [0.4978829]
457 [0.4979352]
458 [0.49835408]
459 [0.49785843]
460 [0.49755287]
461 [0.49832293]
462 [0.49858016]
463 [0.49874693]
464 [0.49784225]
465 [0.49861115]
466 [0.49797794]
467 [0.4978487]
468 [0.49800646]
469 [0.49769196]
470 [0.4988363]
471 [0.4981561]
472 [0.49732962]
473 [0.49770164]
474 [0.49825293]
475 [0.4978978]
476 [0.49750814]
477 [0.49811575]
478 [0.49725237]
479 [0.49811304]
480 [0.49799356]
481 [0.4978784]
482 [0.49784353]
483 [0.4980844]
484 [0.49819782]
485 [0.49892846]
486 [0.4985521]
487 [0.49725664]
488 [0.49788043]
489 [0.49787533]
490 [0.49799392]
491 [0.4981351]
492 [0.49805638]
493 [0.49843672]
494 [0.4980752]
495 [0.49830547]
496 [0.49749103]
497 [0.49877712]
498 [0.4976434]
499 [0.49742848]
500 [0.49808985]
501 [0.49842912]
502 [0.49781948]
503 [0.49802643]
504 [0.4977594]
505 [0.49818546]
506 [0.49872944]
507 [0.49754193]
508 [0.49822786]
509 [0.497702]
510 [0.49801716]
511 [0.49698532]
512 [0.49782228]
513 [0.49729756]
514 [0.4972209]
515 [0.49735293]
516 [0.49800658]
517 [0.497786]
518 [0.4979185]
519 [0.49859762]
520 [0.49837554]
521 [0.49875358]
522 [0.49762625]
523 [0.4980514]
524 [0.49752644]
525 [0.49699795]
526 [0.49755913]
527 [0.49889463]
528 [0.4979844]
529 [0.49827498]
530 [0.49865097]
531 [0.49747172]
532 [0.49820504]
533 [0.49820095]
534 [0.49738154]
535 [0.49814203]
536 [0.49890307]
537 [0.49855176]
538 [0.4980731]
539 [0.49712366]
540 [0.497517]
541 [0.49814296]
542 [0.49848574]
543 [0.4985505]
544 [0.49688986]
545 [0.49742353]
546 [0.49847]
547 [0.4981302]
548 [0.49787202]
549 [0.49816805]
550 [0.49909547]
551 [0.4978956]
552 [0.4981588]
553 [0.49853173]
554 [0.49745643]
555 [0.49781612]
556 [0.49812344]
557 [0.4988753]
558 [0.49801332]
559 [0.49852106]
560 [0.49798387]
561 [0.49766856]
562 [0.49805614]
563 [0.49782476]
564 [0.49879247]
565 [0.49905053]
566 [0.4973307]
567 [0.49815682]
568 [0.4978933]
569 [0.49827138]
570 [0.4976718]
571 [0.4979602]
572 [0.49736112]
573 [0.4978817]
574 [0.49797004]
575 [0.49790677]
576 [0.49778447]
577 [0.49743876]
578 [0.49690259]
579 [0.49695593]
580 [0.49791464]
581 [0.49699548]
582 [0.4979796]
583 [0.49843344]
584 [0.49797097]
585 [0.49761456]
586 [0.49777904]
587 [0.49722692]
588 [0.49755505]
589 [0.49770314]
590 [0.49857524]
591 [0.49814108]
592 [0.49989513]
593 [0.49760056]
594 [0.49745065]
595 [0.4976987]
596 [0.4972788]
597 [0.49682894]
598 [0.49747497]
599 [0.4981788]
600 [0.49778554]
601 [0.49773708]
602 [0.49797067]
603 [0.4973039]
604 [0.4976014]
605 [0.4979983]
606 [0.4975504]
607 [0.49823716]
608 [0.49777785]
609 [0.4979995]
610 [0.4983397]
611 [0.4980734]
612 [0.4983042]
613 [0.49808368]
614 [0.49812227]
615 [0.4982138]
616 [0.4975779]
617 [0.49809837]
618 [0.4978966]
619 [0.49794602]
620 [0.4980689]
621 [0.49706924]
622 [0.49779913]
623 [0.49859786]
624 [0.4988475]
625 [0.49840745]
626 [0.4987851]
627 [0.49774665]
628 [0.4984674]
629 [0.4977147]
630 [0.4967711]
631 [0.49829826]
632 [0.49850863]
633 [0.49811083]
634 [0.4982586]
635 [0.49841633]
636 [0.49849844]
637 [0.49739298]
638 [0.4986275]
639 [0.49807256]
640 [0.4974299]
641 [0.49775445]
642 [0.4983516]
643 [0.49825984]
644 [0.4989033]
645 [0.4981929]
646 [0.49837914]
647 [0.49838454]
648 [0.49808216]
649 [0.4976054]
650 [0.4978491]
651 [0.4981887]
652 [0.4977482]
653 [0.49814582]
654 [0.49747804]
655 [0.49724874]
656 [0.4980946]
657 [0.497548]
658 [0.49808997]
659 [0.49766585]
660 [0.49790135]
661 [0.49809778]
662 [0.49873754]
663 [0.49906868]
664 [0.498786]
665 [0.4979614]
666 [0.49774843]
667 [0.4986121]
668 [0.49807298]
669 [0.4984736]
670 [0.4982631]
671 [0.4983063]
672 [0.497995]
673 [0.4977997]
674 [0.49819854]
675 [0.4979239]
676 [0.49782583]
677 [0.49833977]
678 [0.49835485]
679 [0.49801427]
680 [0.49863747]
681 [0.49807233]
682 [0.49919307]
683 [0.49938646]
684 [0.49917382]
685 [0.49768162]
686 [0.4976059]
687 [0.49824107]
688 [0.498405]
689 [0.49830833]
690 [0.49828714]
691 [0.49824765]
692 [0.4978868]
693 [0.4971324]
694 [0.49861008]
695 [0.49869865]
696 [0.4978536]
697 [0.49738452]
698 [0.49787688]
699 [0.49777377]
700 [0.49769786]
701 [0.49746618]
702 [0.49872616]
703 [0.49799493]
704 [0.49725533]
705 [0.49807388]
706 [0.49755654]
707 [0.4977428]
708 [0.49723458]
709 [0.4973938]
710 [0.49760127]
711 [0.4975896]
712 [0.49816072]
713 [0.49776697]
714 [0.49748683]
715 [0.49838388]
716 [0.4966438]
717 [0.4985761]
718 [0.49822408]
719 [0.49702743]
720 [0.49777275]
721 [0.4971688]
722 [0.4968965]
723 [0.4972321]
724 [0.4973334]
725 [0.49755383]
726 [0.49786222]
727 [0.49911526]
728 [0.49749374]
729 [0.49814686]
730 [0.49822474]
731 [0.49788254]
732 [0.49904665]
733 [0.4975046]
734 [0.49788183]
735 [0.4978172]
736 [0.4979004]
737 [0.49824807]
738 [0.49877313]
739 [0.49819866]
740 [0.49876478]
741 [0.49785337]
742 [0.4983837]
743 [0.49847025]
744 [0.4977275]
745 [0.49782097]
746 [0.49844122]
747 [0.4976476]
748 [0.49768642]
749 [0.49796796]
750 [0.49729848]
751 [0.49801344]
752 [0.4978585]
753 [0.49761355]
754 [0.4974425]
755 [0.4971605]
756 [0.4977893]
757 [0.49825564]
758 [0.49826068]
759 [0.4979055]
760 [0.49767643]
761 [0.4966727]
762 [0.49730203]
763 [0.49723995]
764 [0.49742118]
765 [0.49746472]
766 [0.4988347]
767 [0.4977037]
768 [0.4988869]
769 [0.49764153]
770 [0.4985316]
771 [0.49894282]
772 [0.49763888]
773 [0.49794284]
774 [0.49845958]
775 [0.49792144]
776 [0.49764106]
777 [0.4979605]
778 [0.49831247]
779 [0.49952587]
780 [0.49778646]
781 [0.49794933]
782 [0.49723157]
783 [0.49799693]
784 [0.49774984]
785 [0.4979278]
786 [0.4979736]
787 [0.4983635]
788 [0.4981011]
789 [0.49823254]
790 [0.4979433]
791 [0.49869698]
792 [0.49821505]
793 [0.4975958]
794 [0.4988865]
795 [0.49749362]
796 [0.49753386]
797 [0.49786493]
798 [0.49737877]
799 [0.49804252]
800 [0.49911615]
801 [0.49799228]
802 [0.49930847]
803 [0.4969975]
804 [0.49846432]
805 [0.49873886]
806 [0.49897382]
807 [0.4985833]
808 [0.49781942]
809 [0.497855]
810 [0.49788874]
811 [0.4981212]
812 [0.49849516]
813 [0.4975132]
814 [0.49708962]
815 [0.49805886]
816 [0.49808332]
817 [0.4976464]
818 [0.49810228]
819 [0.49882865]
820 [0.49788433]
821 [0.4988216]
822 [0.4987231]
823 [0.49716303]
824 [0.49846253]
825 [0.49816218]
826 [0.49738348]
827 [0.49910098]
828 [0.49915326]
829 [0.49857736]
830 [0.49812272]
831 [0.4968104]
832 [0.4976563]
833 [0.4975176]
834 [0.49766633]
835 [0.49779913]
836 [0.49765265]
837 [0.49784708]
838 [0.49702725]
839 [0.49774712]
840 [0.49814564]
841 [0.49792227]
842 [0.4981089]
843 [0.49780533]
844 [0.4984963]
845 [0.4981116]
846 [0.49753246]
847 [0.49822646]
848 [0.49778363]
849 [0.49818546]
850 [0.49704963]
851 [0.49798557]
852 [0.4975085]
853 [0.4987321]
854 [0.49819225]
855 [0.49851763]
856 [0.49848112]
857 [0.49850845]
858 [0.49763408]
859 [0.49862295]
860 [0.49848065]
861 [0.49799368]
862 [0.49804443]
863 [0.4980651]
864 [0.4979465]
865 [0.49806932]
866 [0.4982626]
867 [0.49820995]
868 [0.49823624]
869 [0.49879757]
870 [0.4987902]
871 [0.49852297]
872 [0.49873957]
873 [0.49800906]
874 [0.49776107]
875 [0.49787754]
876 [0.49786553]
877 [0.49769148]
878 [0.4977781]
879 [0.49813196]
880 [0.4981179]
881 [0.49917287]
882 [0.49781045]
883 [0.49874705]
884 [0.49830395]
885 [0.49797216]
886 [0.49778554]
887 [0.49820817]
888 [0.49785748]
889 [0.49717093]
890 [0.4983687]
891 [0.49871904]
892 [0.49781176]
893 [0.4988391]
894 [0.49824405]
895 [0.4981152]
896 [0.4972162]
897 [0.49818185]
898 [0.49771386]
899 [0.4986875]
900 [0.49698094]
901 [0.49790466]
902 [0.49704507]
903 [0.49757895]
904 [0.49733534]
905 [0.4979441]
906 [0.49691248]
907 [0.49718967]
908 [0.4977026]
909 [0.49876982]
910 [0.4980728]
911 [0.49737692]
912 [0.49792984]
913 [0.49717954]
914 [0.49734107]
915 [0.4971592]
916 [0.4978752]
917 [0.49796346]
918 [0.49676687]
919 [0.49782765]
920 [0.4977043]
921 [0.49789295]
922 [0.4977841]
923 [0.49892563]
924 [0.49793935]
925 [0.49749362]
926 [0.49895743]
927 [0.49791566]
928 [0.49788645]
929 [0.49735546]
930 [0.49738064]
931 [0.497681]
932 [0.49835694]
933 [0.49892703]
934 [0.49826178]
935 [0.49809352]
936 [0.49746376]
937 [0.4992741]
938 [0.49810824]
939 [0.4982116]
940 [0.49777064]
941 [0.49792936]
942 [0.4976426]
943 [0.49801746]
944 [0.4983699]
945 [0.49696842]
946 [0.49893868]
947 [0.49781442]
948 [0.4984668]
949 [0.49805382]
950 [0.49828464]
951 [0.49812415]
952 [0.4984146]
953 [0.4988906]
954 [0.49752122]
955 [0.4978364]
956 [0.49899614]
957 [0.4981599]
958 [0.49669757]
959 [0.49784365]
960 [0.49814564]
961 [0.4980552]
962 [0.4983802]
963 [0.49812698]
964 [0.4974243]
965 [0.4985501]
966 [0.49779487]
967 [0.4972999]
968 [0.49783468]
969 [0.49811718]
970 [0.4977112]
971 [0.4980255]
972 [0.49727255]
973 [0.4973899]
974 [0.49749067]
975 [0.4975871]
976 [0.4980792]
977 [0.49793822]
978 [0.49830413]
979 [0.497602]
980 [0.49830905]
981 [0.4981152]
982 [0.49797985]
983 [0.49838328]
984 [0.49728918]
985 [0.49729335]
986 [0.49814427]
987 [0.49776208]
988 [0.49807394]
989 [0.49730074]
990 [0.49821267]
991 [0.49830228]
992 [0.49844855]
993 [0.49808925]
994 [0.49782246]
995 [0.4974625]
996 [0.49816403]
997 [0.49765158]
998 [0.49789172]
999 [0.49792853]
1000 [0.4976908]
1001 [0.49733895]
1002 [0.49865502]
1003 [0.4981038]
1004 [0.49826428]
1005 [0.49938783]
1006 [0.49879637]
1007 [0.49749774]
1008 [0.49825683]
1009 [0.4994193]
1010 [0.4978432]
1011 [0.49812853]
1012 [0.49749598]
1013 [0.4987866]
1014 [0.49849796]
1015 [0.49773592]
1016 [0.49753392]
1017 [0.49822736]
1018 [0.49745226]
1019 [0.4982883]
1020 [0.49837103]
1021 [0.4978588]
1022 [0.49897742]
1023 [0.4990226]
1024 [0.49808577]
1025 [0.49819916]
1026 [0.4973469]
1027 [0.49834403]
1028 [0.49770898]
1029 [0.4987277]
1030 [0.4975407]
1031 [0.49770036]
1032 [0.49719638]
1033 [0.49765363]
1034 [0.49722916]
1035 [0.4971099]
1036 [0.49801102]
1037 [0.49770483]
1038 [0.4977998]
1039 [0.49864078]
1040 [0.49791694]
1041 [0.4982851]
1042 [0.49809712]
1043 [0.49790916]
1044 [0.49789804]
1045 [0.4978737]
1046 [0.49913365]
1047 [0.49775964]
1048 [0.49797282]
1049 [0.49809045]
1050 [0.4972188]
1051 [0.498769]
1052 [0.4979409]
1053 [0.49820143]
1054 [0.49885476]
1055 [0.49906042]
1056 [0.4982452]
1057 [0.49739024]
1058 [0.49747756]
1059 [0.49764556]
1060 [0.49821976]
1061 [0.49855343]
1062 [0.49803394]
1063 [0.49785778]
1064 [0.4979323]
1065 [0.49790618]
1066 [0.4987352]
1067 [0.4975462]
1068 [0.4977426]
1069 [0.4975109]
1070 [0.4975185]
1071 [0.4976655]
1072 [0.49738425]
1073 [0.49679393]
1074 [0.49804395]
1075 [0.4978708]
1076 [0.49796236]
1077 [0.49810416]
1078 [0.49716485]
1079 [0.4978211]
1080 [0.49776366]
1081 [0.49798352]
1082 [0.49847093]
1083 [0.49784696]
1084 [0.4983445]
1085 [0.49807185]
1086 [0.4978153]
1087 [0.49821445]
1088 [0.499542]
1089 [0.49712214]
1090 [0.4983416]
1091 [0.49785998]
1092 [0.4990643]
1093 [0.4976366]
1094 [0.49828452]
1095 [0.49848813]
1096 [0.49796313]
1097 [0.49759406]
1098 [0.4984642]
1099 [0.49848136]
1100 [0.49817172]
1101 [0.49807996]
1102 [0.49695617]
1103 [0.4983872]
1104 [0.49755716]
1105 [0.49802354]
1106 [0.49771062]
1107 [0.4984338]
1108 [0.49772054]
1109 [0.49763304]
1110 [0.49897274]
1111 [0.4977431]
1112 [0.49747756]
1113 [0.49744004]
1114 [0.49745592]
1115 [0.49793953]
1116 [0.49785313]
1117 [0.49804336]
1118 [0.49829435]
1119 [0.4976999]
1120 [0.49870303]
1121 [0.49816853]
1122 [0.49764696]
1123 [0.49704507]
1124 [0.49759442]
1125 [0.49671298]
1126 [0.4969372]
1127 [0.4974303]
