0 [0.49864113]
1 [0.5011551]
2 [0.50007117]
3 [0.4996405]
4 [0.4991283]
5 [0.49984568]
6 [0.49929473]
7 [0.50148624]
8 [0.49955717]
9 [0.4990875]
10 [0.49891278]
11 [0.49912557]
12 [0.50063664]
13 [0.49868518]
14 [0.5011067]
15 [0.4990394]
16 [0.49967083]
17 [0.49835604]
18 [0.49807063]
19 [0.4990827]
20 [0.50096595]
21 [0.4994802]
22 [0.50082254]
23 [0.49923953]
24 [0.50025564]
25 [0.5004892]
26 [0.49867564]
27 [0.498839]
28 [0.4996649]
29 [0.49998093]
30 [0.5007057]
31 [0.50072575]
32 [0.50061804]
33 [0.49899113]
34 [0.50057876]
35 [0.500177]
36 [0.49885985]
37 [0.49863747]
38 [0.49883386]
39 [0.5001]
40 [0.5008671]
41 [0.50155187]
42 [0.500956]
43 [0.49996722]
44 [0.5009848]
45 [0.49954617]
46 [0.5004112]
47 [0.49954695]
48 [0.49996156]
49 [0.4978942]
50 [0.49867636]
51 [0.5009989]
52 [0.4988798]
53 [0.49971098]
54 [0.49809676]
55 [0.49979505]
56 [0.50013536]
57 [0.5003624]
58 [0.50048333]
59 [0.5008991]
60 [0.5005413]
61 [0.4977491]
62 [0.5008192]
63 [0.49982995]
64 [0.50033027]
65 [0.49895528]
66 [0.50149846]
67 [0.49976277]
68 [0.4990903]
69 [0.49868673]
70 [0.49980345]
71 [0.4994094]
72 [0.50045043]
73 [0.4987984]
74 [0.498217]
75 [0.5002847]
76 [0.50100327]
77 [0.4995353]
78 [0.50126356]
79 [0.49963954]
80 [0.5002299]
81 [0.49903098]
82 [0.49957234]
83 [0.49987164]
84 [0.4997694]
85 [0.50061876]
86 [0.5001461]
87 [0.5004204]
88 [0.50007796]
89 [0.5000962]
90 [0.49956802]
91 [0.499683]
92 [0.49896947]
93 [0.5005652]
94 [0.4992378]
95 [0.5002425]
96 [0.5002485]
97 [0.49871722]
98 [0.5003244]
99 [0.49919555]
100 [0.5007958]
101 [0.50043887]
102 [0.5018669]
103 [0.49953836]
104 [0.50108486]
105 [0.500233]
106 [0.5005511]
107 [0.5000988]
108 [0.50069535]
109 [0.5007425]
110 [0.49973753]
111 [0.50030833]
112 [0.49785453]
113 [0.4990852]
114 [0.50072587]
115 [0.49741858]
116 [0.49988523]
117 [0.4994071]
118 [0.50081855]
119 [0.49888995]
120 [0.500528]
121 [0.49918464]
122 [0.5008028]
123 [0.4996456]
124 [0.4999708]
125 [0.4993325]
126 [0.49982685]
127 [0.49967393]
128 [0.501228]
129 [0.50067276]
130 [0.49899745]
131 [0.4983255]
132 [0.4994171]
133 [0.49949464]
134 [0.49966156]
135 [0.4981633]
136 [0.49997044]
137 [0.5006728]
138 [0.5005596]
139 [0.49970704]
140 [0.49862537]
141 [0.49858952]
142 [0.50020236]
143 [0.5005832]
144 [0.5003018]
145 [0.4994162]
146 [0.4998315]
147 [0.49924773]
148 [0.4985565]
149 [0.5002307]
150 [0.5013395]
151 [0.5016523]
152 [0.49898556]
153 [0.49979958]
154 [0.49904993]
155 [0.49990776]
156 [0.49926722]
157 [0.49935418]
158 [0.5008406]
159 [0.5002638]
160 [0.50008655]
161 [0.500102]
162 [0.4994896]
163 [0.5000838]
164 [0.49986902]
165 [0.4987921]
166 [0.49945217]
167 [0.50041306]
168 [0.49949232]
169 [0.49807954]
170 [0.50050044]
171 [0.5017942]
172 [0.4987564]
173 [0.4999037]
174 [0.500408]
175 [0.5011207]
176 [0.4996637]
177 [0.5002154]
178 [0.49907693]
179 [0.49934307]
180 [0.5007298]
181 [0.5004765]
182 [0.5002924]
183 [0.50063306]
184 [0.5004632]
185 [0.5009598]
186 [0.50032145]
187 [0.49972275]
188 [0.5002155]
189 [0.5003466]
190 [0.49995714]
191 [0.5000858]
192 [0.50024015]
193 [0.50057596]
194 [0.4984591]
195 [0.49959633]
196 [0.4997947]
197 [0.4993965]
198 [0.49899733]
199 [0.49801964]
200 [0.49965233]
201 [0.498848]
202 [0.50056946]
203 [0.49932975]
204 [0.4998794]
205 [0.49989024]
206 [0.49917692]
207 [0.49845755]
208 [0.49863094]
209 [0.49930242]
210 [0.49978665]
211 [0.50080204]
212 [0.49949303]
213 [0.49998885]
214 [0.49904317]
215 [0.49989685]
216 [0.50088984]
217 [0.500592]
218 [0.49735963]
219 [0.4993149]
220 [0.5012403]
221 [0.49924558]
222 [0.5004909]
223 [0.50085825]
224 [0.499029]
225 [0.49914774]
226 [0.5017747]
227 [0.5008034]
228 [0.5007575]
229 [0.49824357]
230 [0.49925366]
231 [0.5002874]
232 [0.49785453]
233 [0.5003448]
234 [0.49920672]
235 [0.49971965]
236 [0.4994055]
237 [0.49907285]
238 [0.49853957]
239 [0.4986421]
240 [0.49985865]
241 [0.4998938]
242 [0.49923685]
243 [0.4999596]
244 [0.50034153]
245 [0.50177985]
246 [0.50054467]
247 [0.49951172]
248 [0.49996912]
249 [0.49931636]
250 [0.50048393]
251 [0.5004152]
252 [0.50043774]
253 [0.5005566]
254 [0.4991773]
255 [0.500411]
256 [0.49944296]
257 [0.5002799]
258 [0.5004116]
259 [0.49947697]
260 [0.49891314]
261 [0.49731877]
262 [0.5008049]
263 [0.5001731]
264 [0.50009406]
265 [0.49801368]
266 [0.50011915]
267 [0.49937868]
268 [0.50096315]
269 [0.4998769]
270 [0.5002053]
271 [0.4991688]
272 [0.5004167]
273 [0.5000104]
274 [0.4994683]
275 [0.49838945]
276 [0.49879032]
277 [0.499546]
278 [0.49936113]
279 [0.5002033]
280 [0.5010139]
281 [0.50019294]
282 [0.50051653]
283 [0.50114393]
284 [0.5001437]
285 [0.50030696]
286 [0.50124115]
287 [0.5003961]
288 [0.49938107]
289 [0.5001713]
290 [0.5002649]
291 [0.49988106]
292 [0.4995292]
293 [0.5006471]
294 [0.5009246]
295 [0.50021255]
296 [0.49952987]
297 [0.500875]
298 [0.49955088]
299 [0.5001558]
300 [0.49847087]
301 [0.49982506]
302 [0.5011134]
303 [0.49892727]
304 [0.5000933]
305 [0.5005314]
306 [0.5002497]
307 [0.5008539]
308 [0.49990788]
309 [0.5012607]
310 [0.49921516]
311 [0.49985233]
312 [0.50042236]
313 [0.5008611]
314 [0.500517]
315 [0.5001625]
316 [0.49954087]
317 [0.50113285]
318 [0.49862716]
319 [0.50088227]
320 [0.50003093]
321 [0.5003244]
322 [0.49986556]
323 [0.50155187]
324 [0.50206023]
325 [0.50074583]
326 [0.500471]
327 [0.49972454]
328 [0.500765]
329 [0.4999702]
330 [0.5001756]
331 [0.5006079]
332 [0.50002944]
333 [0.5009879]
334 [0.4996043]
335 [0.49972263]
336 [0.50103045]
337 [0.50025225]
338 [0.50053674]
339 [0.50020844]
340 [0.499618]
341 [0.50019896]
342 [0.49975073]
343 [0.49858862]
344 [0.49975735]
345 [0.4994941]
346 [0.49978623]
347 [0.5007293]
348 [0.5015187]
349 [0.5007392]
350 [0.5006693]
351 [0.49948496]
352 [0.4986186]
353 [0.49957085]
354 [0.5017917]
355 [0.5007797]
356 [0.49993324]
357 [0.49916032]
358 [0.4988672]
359 [0.49992228]
360 [0.49893713]
361 [0.4987917]
362 [0.4998384]
363 [0.49997628]
364 [0.4982919]
365 [0.49950138]
366 [0.49886426]
367 [0.5004415]
368 [0.4995106]
369 [0.49975973]
370 [0.5000731]
371 [0.5003468]
372 [0.4984829]
373 [0.49846086]
374 [0.5014296]
375 [0.4983037]
376 [0.499796]
377 [0.5003694]
378 [0.4997286]
379 [0.49939355]
380 [0.5005264]
381 [0.5001693]
382 [0.49978182]
383 [0.5005846]
384 [0.5011228]
385 [0.50192934]
386 [0.50099397]
387 [0.50022304]
388 [0.5001623]
389 [0.50067365]
390 [0.49958503]
391 [0.49959484]
392 [0.50125235]
393 [0.4997524]
394 [0.5003193]
395 [0.50154763]
396 [0.49902707]
397 [0.50058496]
398 [0.49874592]
399 [0.5009384]
400 [0.49892342]
401 [0.5007751]
402 [0.49996316]
403 [0.49910378]
404 [0.4995405]
405 [0.4990985]
406 [0.4990422]
407 [0.5010031]
408 [0.5002354]
409 [0.4990273]
410 [0.49904373]
411 [0.5000837]
412 [0.49838293]
413 [0.4980818]
414 [0.49895066]
415 [0.49906597]
416 [0.5000903]
417 [0.4997835]
418 [0.5000625]
419 [0.50077254]
420 [0.49828607]
421 [0.49962133]
422 [0.49869475]
423 [0.500619]
424 [0.5002603]
425 [0.49915355]
426 [0.50046545]
427 [0.49907357]
428 [0.4997994]
429 [0.49965292]
430 [0.49993384]
431 [0.49923953]
432 [0.50060093]
433 [0.50116855]
434 [0.5008197]
435 [0.49837536]
436 [0.49970478]
437 [0.4982922]
438 [0.50001365]
439 [0.49972835]
440 [0.5010017]
441 [0.49877113]
442 [0.49955896]
443 [0.5009843]
444 [0.5002889]
445 [0.50107205]
446 [0.5006963]
447 [0.50003904]
448 [0.49897784]
449 [0.4992715]
450 [0.4993885]
451 [0.4987074]
452 [0.49990675]
453 [0.5010139]
454 [0.49953303]
455 [0.50084615]
456 [0.5008017]
457 [0.49863723]
458 [0.5004874]
459 [0.4994316]
460 [0.5008586]
461 [0.5010238]
462 [0.5001232]
463 [0.49815473]
464 [0.49759224]
465 [0.50137043]
466 [0.49997008]
467 [0.500441]
468 [0.5002231]
469 [0.50091946]
470 [0.50050825]
471 [0.50028706]
472 [0.49895412]
473 [0.500108]
474 [0.4994155]
475 [0.49972436]
476 [0.5005764]
477 [0.49942964]
478 [0.49911097]
479 [0.500423]
480 [0.49920982]
481 [0.4989826]
482 [0.4996631]
483 [0.499402]
484 [0.49977022]
485 [0.5001934]
486 [0.4998418]
487 [0.49950767]
488 [0.49868277]
489 [0.500086]
490 [0.5005754]
491 [0.49975896]
492 [0.49825078]
493 [0.5016132]
494 [0.50006443]
495 [0.49983913]
496 [0.49941364]
497 [0.50056654]
498 [0.5006056]
499 [0.5004341]
500 [0.49991038]
501 [0.5001599]
502 [0.5001334]
503 [0.4991487]
504 [0.4999011]
505 [0.5001114]
506 [0.50114655]
507 [0.50062615]
508 [0.4997898]
509 [0.49978766]
510 [0.49899626]
511 [0.49823192]
512 [0.4994853]
513 [0.49991465]
514 [0.5000389]
515 [0.49877775]
516 [0.4999024]
517 [0.49935353]
518 [0.50038385]
519 [0.5000817]
520 [0.5003863]
521 [0.500373]
522 [0.4996047]
523 [0.49969172]
524 [0.50038594]
525 [0.4990216]
526 [0.5007646]
527 [0.4990352]
528 [0.5003803]
529 [0.49919757]
530 [0.49991792]
531 [0.50053155]
532 [0.50087696]
533 [0.50083226]
534 [0.5012557]
535 [0.49943036]
536 [0.5004293]
537 [0.5005689]
538 [0.4995909]
539 [0.4993622]
540 [0.49995124]
541 [0.49994063]
542 [0.50089055]
543 [0.4987019]
544 [0.5005561]
545 [0.5002695]
546 [0.49980018]
547 [0.50085706]
548 [0.5006915]
549 [0.49998486]
550 [0.49993718]
551 [0.49896407]
552 [0.50028753]
553 [0.49989417]
554 [0.5002776]
555 [0.4993851]
556 [0.5001682]
557 [0.49939254]
558 [0.5000795]
559 [0.49927157]
560 [0.4988517]
561 [0.49985722]
562 [0.50048834]
563 [0.5000104]
564 [0.49962482]
565 [0.50027525]
566 [0.49968395]
567 [0.49914187]
568 [0.49780986]
569 [0.500503]
570 [0.499715]
571 [0.49918553]
572 [0.4995196]
573 [0.4996462]
574 [0.50015956]
575 [0.49867642]
576 [0.49848884]
577 [0.50020635]
578 [0.4996637]
579 [0.49885935]
580 [0.49926764]
581 [0.4984086]
582 [0.4995949]
583 [0.50093144]
584 [0.49957323]
585 [0.4998627]
586 [0.49995613]
587 [0.5002522]
588 [0.49884385]
589 [0.49951613]
590 [0.50021046]
591 [0.49932903]
592 [0.5004596]
593 [0.5017125]
594 [0.50019145]
595 [0.5001752]
596 [0.50022984]
597 [0.4993674]
598 [0.49978313]
599 [0.49912167]
600 [0.50026214]
601 [0.49810362]
602 [0.50132436]
603 [0.4998073]
604 [0.49818173]
605 [0.49994045]
606 [0.50010717]
607 [0.50041914]
608 [0.4996447]
609 [0.49756974]
610 [0.49907172]
611 [0.4998745]
612 [0.50052536]
613 [0.5001163]
614 [0.49900705]
615 [0.49921945]
616 [0.5002734]
617 [0.49847463]
618 [0.49966508]
619 [0.5006567]
620 [0.5004969]
621 [0.4987092]
622 [0.4998621]
623 [0.50037575]
624 [0.5011022]
625 [0.5001227]
626 [0.499969]
627 [0.50204706]
628 [0.5007095]
629 [0.50026757]
630 [0.49955353]
631 [0.5006588]
632 [0.49882194]
633 [0.5002036]
634 [0.50058883]
635 [0.5001215]
636 [0.5005096]
637 [0.50014234]
638 [0.5006038]
639 [0.49950743]
640 [0.49959502]
641 [0.4993323]
642 [0.49983937]
643 [0.4996547]
644 [0.50055134]
645 [0.5002869]
646 [0.49966133]
647 [0.50031793]
648 [0.49923673]
649 [0.49999803]
650 [0.49972948]
651 [0.5000227]
652 [0.5002483]
653 [0.49824592]
654 [0.49967584]
655 [0.49870244]
656 [0.5000221]
657 [0.49974346]
658 [0.49931726]
659 [0.49967083]
660 [0.5002013]
661 [0.49933812]
662 [0.4986495]
663 [0.5002981]
664 [0.4999931]
665 [0.49976778]
666 [0.5015916]
667 [0.49964085]
668 [0.4994696]
669 [0.4998294]
670 [0.49879575]
671 [0.50037533]
672 [0.49849036]
673 [0.4993766]
674 [0.5015889]
675 [0.5000997]
676 [0.50052565]
677 [0.5007035]
678 [0.5003875]
679 [0.50060266]
680 [0.49852148]
681 [0.49941197]
682 [0.49962768]
683 [0.5003292]
684 [0.49950826]
685 [0.4994956]
686 [0.501723]
687 [0.4995204]
688 [0.5000884]
689 [0.5005834]
690 [0.50108963]
691 [0.50033784]
692 [0.50011]
693 [0.4989825]
694 [0.49974275]
695 [0.4995848]
696 [0.50053346]
697 [0.50098747]
698 [0.5009914]
699 [0.50170666]
700 [0.5011298]
701 [0.50063944]
702 [0.49896964]
703 [0.5010803]
704 [0.49973002]
705 [0.4998197]
706 [0.5008116]
707 [0.5003272]
708 [0.50030243]
709 [0.5002268]
710 [0.49960655]
711 [0.5007068]
712 [0.50036824]
713 [0.50016326]
714 [0.49833637]
715 [0.50028235]
716 [0.49951148]
717 [0.5002997]
718 [0.49988]
719 [0.49965298]
720 [0.50060195]
721 [0.49924085]
722 [0.49989256]
723 [0.50058144]
724 [0.5000679]
725 [0.4999534]
726 [0.5000211]
727 [0.5011576]
728 [0.5004626]
729 [0.49979457]
730 [0.5010596]
731 [0.49990377]
732 [0.49992502]
733 [0.50067157]
734 [0.50016385]
735 [0.49859726]
736 [0.49965525]
737 [0.49893492]
738 [0.50115764]
739 [0.49811155]
740 [0.4995185]
741 [0.49847236]
742 [0.49996626]
743 [0.5014431]
744 [0.5002634]
745 [0.49944666]
746 [0.49974015]
747 [0.5012579]
748 [0.5000637]
749 [0.49894497]
750 [0.50137484]
751 [0.49927175]
752 [0.49894068]
753 [0.50123465]
754 [0.50153905]
755 [0.49983668]
756 [0.50061333]
757 [0.49876317]
758 [0.50102335]
759 [0.50077945]
760 [0.50021946]
761 [0.5006217]
762 [0.5001045]
763 [0.50037295]
764 [0.500323]
765 [0.50105745]
766 [0.50016934]
767 [0.4996343]
768 [0.5005272]
769 [0.50066525]
770 [0.49899992]
771 [0.5009255]
772 [0.49950042]
773 [0.49861068]
774 [0.49962893]
775 [0.49953717]
776 [0.5000981]
777 [0.50003093]
778 [0.5000488]
779 [0.5003]
780 [0.4994822]
781 [0.49877107]
782 [0.49899986]
783 [0.49913508]
784 [0.50007004]
785 [0.50075454]
786 [0.49831223]
787 [0.50050277]
788 [0.49869308]
789 [0.49944285]
790 [0.5008516]
791 [0.50058293]
792 [0.49923134]
793 [0.49939093]
794 [0.4995198]
795 [0.49883798]
796 [0.49977076]
797 [0.50084394]
798 [0.5005119]
799 [0.501016]
800 [0.49879396]
801 [0.4996475]
802 [0.49967775]
803 [0.49972704]
804 [0.5000213]
805 [0.50069994]
806 [0.5003769]
807 [0.5001628]
808 [0.49944642]
809 [0.50002575]
810 [0.49964708]
811 [0.5004695]
812 [0.50068814]
813 [0.4997973]
814 [0.49715748]
815 [0.5001967]
816 [0.50038105]
817 [0.49974716]
818 [0.4997398]
819 [0.49939182]
820 [0.49871022]
821 [0.5000636]
822 [0.49968013]
823 [0.5003857]
824 [0.5008366]
825 [0.50015855]
826 [0.4998894]
827 [0.49974087]
828 [0.50110596]
829 [0.4997364]
830 [0.49852458]
831 [0.5004761]
832 [0.50036865]
833 [0.49966407]
834 [0.49980602]
835 [0.4978936]
836 [0.49999833]
837 [0.4992302]
838 [0.49913472]
839 [0.500843]
840 [0.49952415]
841 [0.49967048]
842 [0.49928397]
843 [0.49819255]
844 [0.49990466]
845 [0.49994385]
846 [0.4988105]
847 [0.49883306]
848 [0.49886194]
849 [0.5004661]
850 [0.49911833]
851 [0.4987851]
852 [0.50086766]
853 [0.49992287]
854 [0.49983388]
855 [0.4999224]
856 [0.499511]
857 [0.49995852]
858 [0.49966928]
859 [0.4994262]
860 [0.49914518]
861 [0.4996069]
862 [0.5008497]
863 [0.5008995]
864 [0.4997225]
865 [0.50008595]
866 [0.49814674]
867 [0.49952778]
868 [0.5008838]
869 [0.49995863]
870 [0.5013818]
871 [0.5003706]
872 [0.50008506]
873 [0.4998157]
874 [0.49955687]
875 [0.5010005]
876 [0.5006151]
877 [0.49904957]
878 [0.49833396]
879 [0.49980006]
880 [0.49923277]
881 [0.5000686]
882 [0.50028324]
883 [0.50035906]
884 [0.4986735]
885 [0.5000499]
886 [0.49833864]
887 [0.49867043]
888 [0.49979195]
889 [0.5005933]
890 [0.49968633]
891 [0.500393]
892 [0.500085]
893 [0.49954885]
894 [0.5008148]
895 [0.50033873]
896 [0.50086915]
897 [0.49993002]
898 [0.49983507]
899 [0.5002274]
900 [0.49918595]
901 [0.49851415]
902 [0.50047356]
903 [0.50039136]
904 [0.49955925]
905 [0.4998509]
906 [0.50054157]
907 [0.49969763]
908 [0.5008648]
909 [0.50047237]
910 [0.4994156]
911 [0.49897975]
912 [0.4989172]
913 [0.4992968]
914 [0.50019944]
915 [0.50114673]
916 [0.49891946]
917 [0.50050336]
918 [0.50001025]
919 [0.49984372]
920 [0.5005656]
921 [0.50008816]
922 [0.49815437]
923 [0.49932364]
924 [0.500686]
925 [0.5005397]
926 [0.5003345]
927 [0.5006372]
928 [0.4984104]
929 [0.49989542]
930 [0.4999318]
931 [0.5008708]
932 [0.49800315]
933 [0.49962577]
934 [0.50085527]
935 [0.5007645]
936 [0.4993886]
937 [0.5007586]
938 [0.49970955]
939 [0.500323]
940 [0.500317]
941 [0.49962446]
942 [0.50090724]
943 [0.5005586]
944 [0.49925795]
945 [0.500962]
946 [0.49889085]
947 [0.49850067]
948 [0.5005606]
949 [0.49803934]
950 [0.5010148]
951 [0.5007926]
952 [0.5004589]
953 [0.49966168]
954 [0.49975073]
955 [0.49993658]
956 [0.50049525]
957 [0.5014893]
958 [0.50065845]
959 [0.49795264]
960 [0.5008479]
961 [0.5003506]
962 [0.5011171]
963 [0.5007511]
964 [0.5013722]
965 [0.50071436]
966 [0.50102943]
967 [0.49984926]
968 [0.49966478]
969 [0.49886534]
970 [0.499811]
971 [0.50038236]
972 [0.49913812]
973 [0.4989712]
974 [0.5005334]
975 [0.50010157]
976 [0.50091845]
977 [0.49941215]
978 [0.5000509]
979 [0.4991862]
980 [0.50175685]
981 [0.5011095]
982 [0.50077295]
983 [0.5011152]
984 [0.5004814]
985 [0.49924785]
986 [0.5010472]
987 [0.4985951]
988 [0.49933997]
989 [0.49996883]
990 [0.49946105]
991 [0.5002175]
992 [0.4998738]
993 [0.50094473]
994 [0.5010186]
995 [0.49963143]
996 [0.4983223]
997 [0.4993298]
998 [0.4989755]
999 [0.50165504]
1000 [0.5007828]
1001 [0.5003519]
1002 [0.49978027]
1003 [0.5003028]
1004 [0.49936327]
1005 [0.4995667]
1006 [0.49988773]
1007 [0.50057906]
1008 [0.49890283]
1009 [0.5005587]
1010 [0.500415]
1011 [0.4990594]
1012 [0.5012719]
1013 [0.50005]
1014 [0.5008816]
1015 [0.5013947]
1016 [0.5012894]
1017 [0.4986447]
1018 [0.5007569]
1019 [0.50000036]
1020 [0.50057805]
1021 [0.4997499]
1022 [0.5004801]
1023 [0.50166696]
1024 [0.4990561]
1025 [0.50066525]
1026 [0.49969625]
1027 [0.50118965]
1028 [0.50091535]
1029 [0.49992526]
1030 [0.4999311]
1031 [0.50055236]
1032 [0.49959525]
1033 [0.49954766]
1034 [0.50017494]
1035 [0.4995536]
1036 [0.4998222]
1037 [0.49915934]
1038 [0.5000008]
1039 [0.49957287]
1040 [0.49999762]
1041 [0.49983025]
1042 [0.4998658]
1043 [0.5001442]
1044 [0.4999031]
1045 [0.4989254]
1046 [0.49963096]
1047 [0.49999475]
1048 [0.5004507]
1049 [0.5007491]
1050 [0.4994397]
1051 [0.4987008]
1052 [0.5001454]
1053 [0.5007103]
1054 [0.49820414]
1055 [0.50108355]
1056 [0.49885857]
1057 [0.500023]
1058 [0.49794427]
1059 [0.49902984]
1060 [0.49905157]
1061 [0.4996181]
1062 [0.4997443]
1063 [0.49975306]
1064 [0.49870482]
1065 [0.50022614]
1066 [0.5005095]
1067 [0.49950036]
1068 [0.4990067]
1069 [0.49932107]
1070 [0.5000093]
1071 [0.49952444]
1072 [0.49957025]
1073 [0.49949262]
1074 [0.49938118]
1075 [0.49927637]
1076 [0.5005982]
1077 [0.499359]
1078 [0.50007266]
1079 [0.49925232]
1080 [0.49835426]
1081 [0.5003229]
1082 [0.5003077]
1083 [0.5014034]
1084 [0.50132096]
1085 [0.5003618]
1086 [0.49924392]
1087 [0.4999168]
1088 [0.4996306]
1089 [0.49973693]
1090 [0.50022006]
1091 [0.49957478]
1092 [0.50041825]
1093 [0.4995129]
1094 [0.50029063]
1095 [0.4982457]
1096 [0.5001642]
1097 [0.49964014]
1098 [0.49909967]
1099 [0.5008261]
1100 [0.5005426]
1101 [0.50022256]
1102 [0.49809092]
1103 [0.5003489]
1104 [0.5001849]
1105 [0.50016403]
1106 [0.5007121]
1107 [0.5006581]
